geolocation: United States
timestamps:
  login: 1389924925049
  logout: 1389925682792
ipAddress: 99.146.77.19
lastlocation:
  world: Survival Island
  x: 21.345771839497868
  y: 81.0
  z: 188.7389471581971
  yaw: -110.70009
  pitch: 54.749985
logoutlocation:
  world: Survival Island
  x: 341.7280631110077
  y: 74.0
  z: 144.73376858891965
  yaw: -289.352
  pitch: 16.049974
