geolocation: United States
timestamps:
  login: 1390349288070
  logout: 1390349315485
ipAddress: 99.146.77.19
lastlocation:
  world: Survival Island
  x: 21.345771839497868
  y: 81.0
  z: 188.7389471581971
  yaw: -110.70009
  pitch: 54.749985
logoutlocation:
  world: Survival Island
  x: 658.6462701881592
  y: 75.0
  z: 546.2067641328206
  yaw: -87.447784
  pitch: 15.8998995
