geolocation: United States
timestamps:
  login: 1389920197695
  logout: 1389927378454
ipAddress: 50.172.50.164
logoutlocation:
  world: Survival Island
  x: 488.1077190842261
  y: 68.7000000178814
  z: 2199.1823360958383
  yaw: 175.44437
  pitch: -5.099983
