geolocation: United States
timestamps:
  login: 1390355823584
  logout: 1390356298225
ipAddress: 50.172.50.164
logoutlocation:
  world: Survival Island
  x: 258.5
  y: 66.69999998807907
  z: 1256.6711566875774
  yaw: -0.1513947
  pitch: 1.6500257
