timestamps:
  login: 1389965135092
  logout: 1389965182646
ipAddress: 99.30.13.102
geolocation: United States
logoutlocation:
  world: Survival Island
  x: 491.8820560729772
  y: 71.0
  z: -267.5981973351681
  yaw: 324.90427
  pitch: 45.89996
