spawns: 
  default: 
    world: Survival Island
    x: -192.77203240169374
    y: 65.0
    z: 680.2384273732237
    yaw: -72.000305
    pitch: 25.950022
